---
name: "SOM Round 2 — 500 samples"
description: Factor-based strategy search Round 2
variables:
    - top
    - Yield
    - ROC
    - EarningsYield
    - RS(6m)
    - ROA
    - ΔROA
    - AccrualRatio
    - ΔLTDebt-to-Assets
    - ΔCurrentRatio
    - ΔOpMgn
    - ΔAssetTurnover
    - annualized
    - mean
    - std
    - sharpe
    - alpha
    - beta
    - var
    - tvar
inputs: 20
outputs: 0
---
30,500,500,500,500,500,500,500,500,500,500,500,194,204,310,276,209,478,589,678
30,500,500,500,500,500,500,500,500,500,500,500,319,347,384,502,363,478,494,610
30,500,500,500,500,500,500,500,500,500,500,500,349,381,407,539,389,563,489,575
30,500,500,500,500,500,500,500,500,500,500,500,254,276,358,393,277,563,477,642
30,500,500,500,500,500,500,500,500,500,500,500,208,219,288,315,222,521,541,696
30,500,500,500,500,500,500,500,500,500,500,500,303,329,362,486,349,423,564,627
30,500,500,500,500,500,500,500,500,500,500,500,315,343,383,497,356,507,498,608
30,500,500,500,500,500,500,500,500,500,500,500,357,389,410,550,396,576,439,571
30,500,500,500,500,500,500,500,500,500,500,500,253,271,320,408,277,521,490,670
30,500,500,500,500,500,500,500,500,500,500,500,285,309,353,460,311,576,483,640
30,500,500,500,500,500,500,500,500,500,500,500,216,229,303,329,232,521,601,689
30,500,500,500,500,500,500,500,500,500,500,500,361,392,397,565,415,450,557,612
30,500,500,500,500,500,500,500,500,500,500,500,375,409,428,565,424,521,485,567
30,500,500,500,500,500,500,500,500,500,500,500,241,258,325,378,263,521,500,669
30,500,500,500,500,500,500,500,500,500,500,500,186,193,278,267,200,464,593,704
30,500,500,500,500,500,500,500,500,500,500,500,402,434,408,616,442,590,448,578
30,500,500,500,500,500,500,500,500,500,500,500,238,255,331,368,257,549,490,663
30,500,500,500,500,500,500,500,500,500,500,500,320,349,386,502,364,478,489,601
30,500,500,500,500,500,500,500,500,500,500,500,373,405,405,576,417,549,444,588
30,500,500,500,500,500,500,500,500,500,500,500,408,441,419,616,450,576,476,565
30,500,500,500,500,500,500,500,500,500,500,500,379,410,393,591,420,563,468,594
30,500,500,500,500,500,500,500,500,500,500,500,354,382,359,576,397,507,514,645
30,500,500,500,500,500,500,500,500,500,500,500,265,286,340,423,293,521,506,652
30,500,500,500,500,500,500,500,500,500,500,500,357,386,380,565,407,464,530,625
30,500,500,500,500,500,500,500,500,500,500,500,300,322,307,513,326,563,539,683
30,500,500,500,500,500,500,500,500,500,500,500,358,388,392,560,398,549,468,603
30,500,500,500,500,500,500,500,500,500,500,500,361,392,384,570,404,535,493,608
30,500,500,500,500,500,500,500,500,500,500,500,366,395,378,581,409,521,542,623
30,500,500,500,500,500,500,500,500,500,500,500,355,384,372,570,397,535,529,621
30,500,500,500,500,500,500,500,500,500,500,500,356,386,377,570,397,535,526,616
30,500,500,500,500,500,500,500,500,500,500,500,359,388,365,581,401,521,482,640
30,500,500,500,500,500,500,500,500,500,500,500,248,265,301,408,268,549,495,687
30,500,500,500,500,500,500,500,500,500,500,500,372,407,435,560,426,478,464,562
30,500,500,500,500,500,500,500,500,500,500,500,367,398,393,576,422,436,521,608
30,500,500,500,500,500,500,500,500,500,500,500,263,280,282,449,287,507,507,703
30,500,500,500,500,500,500,500,500,500,500,500,314,343,388,492,359,478,490,602
30,500,500,500,500,500,500,500,500,500,500,500,261,280,310,429,279,590,553,667
30,500,500,500,500,500,500,500,500,500,500,500,216,228,280,339,241,423,637,715
30,500,500,500,500,500,500,500,500,500,500,500,281,307,377,439,325,436,538,631
30,500,500,500,500,500,500,500,500,500,500,500,294,321,390,455,332,507,507,606
30,500,500,500,500,500,500,500,500,500,500,500,273,294,320,449,293,590,449,653
30,500,500,500,500,500,500,500,500,500,500,500,199,210,299,293,208,563,503,684
30,500,500,500,500,500,500,500,500,500,500,500,316,343,365,507,363,436,549,629
30,500,500,500,500,500,500,500,500,500,500,500,309,338,394,481,347,535,470,586
30,500,500,500,500,500,500,500,500,500,500,500,324,354,395,502,363,535,472,591
30,500,500,500,500,500,500,500,500,500,500,500,200,209,275,302,216,464,600,710
30,500,500,500,500,500,500,500,500,500,500,500,307,335,384,481,342,549,473,605
30,500,500,500,500,500,500,500,500,500,500,500,398,430,414,606,441,563,458,582
30,500,500,500,500,500,500,500,500,500,500,500,254,272,310,418,274,563,476,676
30,500,500,500,500,500,500,500,500,500,500,500,235,251,312,373,254,535,545,661
30,500,500,500,500,500,500,500,500,500,500,500,331,363,421,502,365,604,392,553
30,500,500,500,500,500,500,500,500,500,500,500,403,439,460,586,448,576,420,532
30,500,500,500,500,500,500,500,500,500,500,500,325,354,384,513,367,507,489,601
30,500,500,500,500,500,500,500,500,500,500,500,196,204,271,293,209,492,652,710
30,500,500,500,500,500,500,500,500,500,500,500,391,424,413,596,437,549,456,581
30,500,500,500,500,500,500,500,500,500,500,500,238,253,296,388,254,549,531,682
30,500,500,500,500,500,500,500,500,500,500,500,236,251,294,383,251,563,502,686
30,500,500,500,500,500,500,500,500,500,500,500,256,273,295,429,276,549,564,692
30,500,500,500,500,500,500,500,500,500,500,500,285,306,313,481,305,604,465,662
30,500,500,500,500,500,500,500,500,500,500,500,356,386,386,560,396,549,463,619
30,500,500,500,500,500,500,500,500,500,500,500,259,277,312,423,274,617,493,665
30,500,500,500,500,500,500,500,500,500,500,500,353,383,388,555,392,563,512,606
30,500,500,500,500,500,500,500,500,500,500,500,263,282,302,439,283,576,514,665
30,500,500,500,500,500,500,500,500,500,500,500,276,297,334,449,295,617,475,651
30,500,500,500,500,500,500,500,500,500,500,500,238,253,276,398,259,507,545,707
30,500,500,500,500,500,500,500,500,500,500,500,269,287,296,455,291,549,570,673
30,500,500,500,500,500,500,500,500,500,500,500,241,255,273,403,263,492,531,712
30,500,500,500,500,500,500,500,500,500,500,500,300,325,350,486,347,409,560,639
30,500,500,500,500,500,500,500,500,500,500,500,274,291,259,497,307,436,629,724
30,500,500,500,500,500,500,500,500,500,500,500,312,336,323,529,366,356,627,684
30,500,500,500,500,500,500,500,500,500,500,500,265,278,219,507,302,356,719,785
30,500,500,500,500,500,500,500,500,500,500,500,244,257,244,434,273,423,686,755
30,500,500,500,500,500,500,500,500,500,500,500,324,354,390,507,365,521,479,609
30,500,500,500,500,500,500,500,500,500,500,500,220,233,307,339,233,563,503,680
30,500,500,500,500,500,500,500,500,500,500,500,199,208,285,297,211,507,520,695
30,500,500,500,500,500,500,500,500,500,500,500,311,338,370,497,353,478,490,631
30,500,500,500,500,500,500,500,500,500,500,500,351,380,368,565,397,492,553,641
30,500,500,500,500,500,500,500,500,500,500,500,316,343,360,513,361,464,523,629
30,500,500,500,500,500,500,500,500,500,500,500,359,387,355,586,410,450,561,656
30,500,500,500,500,500,500,500,500,500,500,500,219,232,300,339,234,549,488,676
30,500,500,500,500,500,500,500,500,500,500,500,265,286,336,423,280,643,484,638
30,500,500,500,500,500,500,500,500,500,500,500,258,276,305,429,278,563,556,670
30,500,500,500,500,500,500,500,500,500,500,500,317,347,394,492,356,535,448,601
30,500,500,500,500,500,500,500,500,500,500,500,307,335,382,481,346,507,486,616
30,500,500,500,500,500,500,500,500,500,500,500,222,235,292,348,237,549,509,692
30,500,500,500,500,500,500,500,500,500,500,500,264,282,302,439,285,563,509,685
30,500,500,500,500,500,500,500,500,500,500,500,387,417,377,616,437,478,522,641
30,500,500,500,500,500,500,500,500,500,500,500,255,273,301,423,275,563,543,680
30,500,500,500,500,500,500,500,500,500,500,500,253,271,313,413,269,590,487,671
30,500,500,500,500,500,500,500,500,500,500,500,204,216,303,302,215,563,549,675
30,500,500,500,500,500,500,500,500,500,500,500,345,375,385,544,386,535,512,620
30,500,500,500,500,500,500,500,500,500,500,500,212,225,315,315,222,590,436,673
30,500,500,500,500,500,500,500,500,500,500,500,326,354,368,523,369,492,512,639
30,500,500,500,500,500,500,500,500,500,500,500,248,264,294,408,269,535,563,703
30,500,500,500,500,500,500,500,500,500,500,500,356,382,332,596,413,382,621,678
30,500,500,500,500,500,500,500,500,500,500,500,227,238,246,388,255,395,628,756
30,500,500,500,500,500,500,500,500,500,500,500,205,214,252,325,224,436,644,741
30,500,500,500,500,500,500,500,500,500,500,500,208,216,244,334,232,382,605,743
30,500,500,500,500,500,500,500,500,500,500,500,260,275,262,460,292,423,633,745
30,500,500,500,500,500,500,500,500,500,500,500,215,224,246,353,239,395,620,755
30,500,500,500,500,500,500,500,500,500,500,500,259,276,298,434,284,507,554,690
30,500,500,500,500,500,500,500,500,500,500,500,357,389,408,550,411,450,570,596
30,500,500,500,500,500,500,500,500,500,500,500,373,403,384,591,422,492,571,608
30,500,500,500,500,500,500,500,500,500,500,500,239,256,322,378,266,478,571,679
30,500,500,500,500,500,500,500,500,500,500,500,262,282,321,429,288,521,460,668
30,500,500,500,500,500,500,500,500,500,500,500,294,321,374,465,341,423,512,614
30,500,500,500,500,500,500,500,500,500,500,500,323,354,410,497,376,436,489,590
30,500,500,500,500,500,500,500,500,500,500,500,372,404,406,576,422,492,488,595
30,500,500,500,500,500,500,500,500,500,500,500,394,425,404,606,440,535,456,590
30,500,500,500,500,500,500,500,500,500,500,500,307,334,373,486,351,464,492,619
30,500,500,500,500,500,500,500,500,500,500,500,355,384,370,570,398,507,458,616
30,500,500,500,500,500,500,500,500,500,500,500,308,336,379,486,354,450,551,612
30,500,500,500,500,500,500,500,500,500,500,500,240,256,301,388,262,507,555,686
30,500,500,500,500,500,500,500,500,500,500,500,271,291,319,444,291,590,569,657
30,500,500,500,500,500,500,500,500,500,500,500,245,263,329,388,270,507,575,665
30,500,500,500,500,500,500,500,500,500,500,500,259,281,349,408,281,576,496,646
30,500,500,500,500,500,500,500,500,500,500,500,283,304,320,470,309,549,523,670
30,500,500,500,500,500,500,500,500,500,500,500,280,300,306,476,306,535,514,687
30,500,500,500,500,500,500,500,500,500,500,500,355,386,395,555,399,521,526,594
30,500,500,500,500,500,500,500,500,500,500,500,242,259,313,388,264,521,550,681
30,500,500,500,500,500,500,500,500,500,500,500,314,342,379,497,358,478,471,610
30,500,500,500,500,500,500,500,500,500,500,500,348,378,384,550,392,507,532,612
30,500,500,500,500,500,500,500,500,500,500,500,360,388,364,581,403,521,518,637
30,500,500,500,500,500,500,500,500,500,500,500,257,273,287,434,277,549,535,704
30,500,500,500,500,500,500,500,500,500,500,500,280,301,317,465,306,549,506,670
30,500,500,500,500,500,500,500,500,500,500,500,261,281,336,418,286,549,490,652
30,500,500,500,500,500,500,500,500,500,500,500,259,276,281,444,284,507,591,707
30,500,500,500,500,500,500,500,500,500,500,500,249,268,327,398,273,535,465,659
30,500,500,500,500,500,500,500,500,500,500,500,272,292,314,455,296,563,510,673
30,500,500,500,500,500,500,500,500,500,500,500,270,289,297,460,293,549,526,692
30,500,500,500,500,500,500,500,500,500,500,500,262,280,294,444,283,563,532,694
30,500,500,500,500,500,500,500,500,500,500,500,249,264,280,418,270,521,530,710
30,500,500,500,500,500,500,500,500,500,500,500,318,349,408,486,370,436,467,584
30,500,500,500,500,500,500,500,500,500,500,500,339,369,397,529,387,478,476,583
30,500,500,500,500,500,500,500,500,500,500,500,355,382,342,591,410,395,551,662
30,500,500,500,500,500,500,500,500,500,500,500,233,245,256,398,258,423,608,738
30,500,500,500,500,500,500,500,500,500,500,500,212,222,258,339,231,450,608,735
30,500,500,500,500,500,500,500,500,500,500,500,266,285,304,444,292,521,536,678
30,500,500,500,500,500,500,500,500,500,500,500,324,350,343,534,372,423,591,651
30,500,500,500,500,500,500,500,500,500,500,500,253,268,255,449,288,382,605,739
30,500,500,500,500,500,500,500,500,500,500,500,318,343,336,529,372,369,623,666
30,500,500,500,500,500,500,500,500,500,500,500,254,266,222,476,296,306,695,779
30,500,500,500,500,500,500,500,500,500,500,500,244,255,225,449,277,356,662,777
30,500,500,500,500,500,500,500,500,500,500,500,214,225,263,344,236,436,605,725
30,500,500,500,500,500,500,500,500,500,500,500,333,364,398,518,372,549,441,584
30,500,500,500,500,500,500,500,500,500,500,500,323,353,403,497,371,464,489,582
30,500,500,500,500,500,500,500,500,500,500,500,324,353,386,513,371,464,507,606
30,500,500,500,500,500,500,500,500,500,500,500,181,186,256,259,191,464,644,731
30,500,500,500,500,500,500,500,500,500,500,500,188,194,256,276,203,436,645,739
30,500,500,500,500,500,500,500,500,500,500,500,298,325,372,470,337,507,519,622
30,500,500,500,500,500,500,500,500,500,500,500,305,332,379,481,342,521,490,610
30,500,500,500,500,500,500,500,500,500,500,500,303,330,376,476,337,535,474,624
30,500,500,500,500,500,500,500,500,500,500,500,416,448,409,636,470,478,472,605
30,500,500,500,500,500,500,500,500,500,500,500,238,252,272,398,262,464,563,726
30,500,500,500,500,500,500,500,500,500,500,500,244,261,307,393,265,535,489,675
30,500,500,500,500,500,500,500,500,500,500,500,262,284,350,413,288,549,498,651
30,500,500,500,500,500,500,500,500,500,500,500,249,267,310,403,264,604,550,667
30,500,500,500,500,500,500,500,500,500,500,500,292,317,371,460,330,492,529,619
30,500,500,500,500,500,500,500,500,500,500,500,366,396,382,581,406,549,506,613
30,500,500,500,500,500,500,500,500,500,500,500,228,241,279,373,244,535,548,713
30,500,500,500,500,500,500,500,500,500,500,500,239,252,271,403,261,478,593,717
30,500,500,500,500,500,500,500,500,500,500,500,273,292,296,465,296,563,596,689
30,500,500,500,500,500,500,500,500,500,500,500,259,278,314,423,278,590,463,667
30,500,500,500,500,500,500,500,500,500,500,500,369,396,338,616,397,630,457,656
30,500,500,500,500,500,500,500,500,500,500,500,296,321,360,476,335,478,513,637
30,500,500,500,500,500,500,500,500,500,500,500,317,343,343,523,347,576,457,641
30,500,500,500,500,500,500,500,500,500,500,500,256,271,265,449,285,450,655,724
30,500,500,500,500,500,500,500,500,500,500,500,208,216,250,334,228,423,627,735
30,500,500,500,500,500,500,500,500,500,500,500,249,265,281,423,277,464,593,701
30,500,500,500,500,500,500,500,500,500,500,500,250,266,278,423,274,492,589,708
30,500,500,500,500,500,500,500,500,500,500,500,254,271,282,434,276,521,577,709
30,500,500,500,500,500,500,500,500,500,500,500,279,295,242,523,319,369,661,748
30,500,500,500,500,500,500,500,500,500,500,500,291,306,222,570,338,318,737,779
30,500,500,500,500,500,500,500,500,500,500,500,241,253,239,429,272,382,657,750
30,500,500,500,500,500,500,500,500,500,500,500,226,235,215,408,258,330,700,791
30,500,500,500,500,500,500,500,500,500,500,500,228,241,291,363,245,521,543,707
30,500,500,500,500,500,500,500,500,500,500,500,249,266,297,413,271,535,521,693
30,500,500,500,500,500,500,500,500,500,500,500,215,227,281,339,232,492,534,700
30,500,500,500,500,500,500,500,500,500,500,500,265,283,304,444,285,563,496,680
30,500,500,500,500,500,500,500,500,500,500,500,219,231,279,348,240,464,557,720
30,500,500,500,500,500,500,500,500,500,500,500,185,191,256,272,200,436,628,738
30,500,500,500,500,500,500,500,500,500,500,500,226,239,294,358,244,521,479,695
30,500,500,500,500,500,500,500,500,500,500,500,236,252,296,383,257,521,497,684
30,500,500,500,500,500,500,500,500,500,500,500,189,195,257,280,203,450,617,747
30,500,500,500,500,500,500,500,500,500,500,500,279,304,372,434,316,478,527,634
30,500,500,500,500,500,500,500,500,500,500,500,309,333,343,507,355,423,578,660
30,500,500,500,500,500,500,500,500,500,500,500,200,208,268,302,215,464,546,722
30,500,500,500,500,500,500,500,500,500,500,500,298,323,349,486,344,423,584,656
30,500,500,500,500,500,500,500,500,500,500,500,228,242,291,363,245,521,561,701
30,500,500,500,500,500,500,500,500,500,500,500,255,273,301,423,277,535,455,684
30,500,500,500,500,500,500,500,500,500,500,500,296,320,342,486,341,423,593,666
30,500,500,500,500,500,500,500,500,500,500,500,246,262,289,408,268,521,553,695
30,500,500,500,500,500,500,500,500,500,500,500,261,280,316,429,281,576,510,673
30,500,500,500,500,500,500,500,500,500,500,500,233,248,306,368,251,549,471,671
30,500,500,500,500,500,500,500,500,500,500,500,239,256,313,383,255,576,528,676
30,500,500,500,500,500,500,500,500,500,500,500,305,330,348,497,349,436,591,668
30,500,500,500,500,500,500,500,500,500,500,500,329,359,384,518,371,521,520,627
30,500,500,500,500,500,500,500,500,500,500,500,209,221,305,315,221,563,539,692
30,500,500,500,500,500,500,500,500,500,500,500,227,241,300,358,244,549,545,686
30,500,500,500,500,500,500,500,500,500,500,500,222,234,275,358,244,450,617,725
30,500,500,500,500,500,500,500,500,500,500,500,236,252,307,378,254,549,549,691
30,500,500,500,500,500,500,500,500,500,500,500,262,278,262,465,292,450,623,749
30,500,500,500,500,500,500,500,500,500,500,500,205,214,268,315,226,423,653,718
30,500,500,500,500,500,500,500,500,500,500,500,215,224,248,353,240,382,684,750
30,500,500,500,500,500,500,500,500,500,500,500,207,216,257,329,230,395,687,739
30,500,500,500,500,500,500,500,500,500,500,500,232,245,281,378,254,478,571,708
30,500,500,500,500,500,500,500,500,500,500,500,278,300,332,455,310,507,547,668
30,500,500,500,500,500,500,500,500,500,500,500,273,295,340,439,304,507,486,660
30,500,500,500,500,500,500,500,500,500,500,500,225,238,274,368,248,450,644,720
30,500,500,500,500,500,500,500,500,500,500,500,378,410,395,591,423,535,492,598
30,500,500,500,500,500,500,500,500,500,500,500,236,251,302,378,259,478,507,687
30,500,500,500,500,500,500,500,500,500,500,500,270,292,344,434,303,492,524,658
30,500,500,500,500,500,500,500,500,500,500,500,222,234,262,368,242,478,572,741
30,500,500,500,500,500,500,500,500,500,500,500,210,221,276,329,229,450,654,707
30,500,500,500,500,500,500,500,500,500,500,500,259,276,292,434,286,492,520,704
30,500,500,500,500,500,500,500,500,500,500,500,268,285,282,465,293,507,588,717
30,500,500,500,500,500,500,500,500,500,500,500,335,357,282,601,371,492,566,716
30,500,500,500,500,500,500,500,500,500,500,500,216,226,255,353,236,450,585,748
30,500,500,500,500,500,500,500,500,500,500,500,335,361,339,560,385,423,562,665
30,500,500,500,500,500,500,500,500,500,500,500,330,356,343,544,378,436,543,665
30,500,500,500,500,500,500,500,500,500,500,500,248,264,293,413,269,535,595,689
30,500,500,500,500,500,500,500,500,500,500,500,258,276,310,423,284,507,511,681
30,500,500,500,500,500,500,500,500,500,500,500,260,279,305,434,281,563,563,672
30,500,500,500,500,500,500,500,500,500,500,500,253,269,281,429,276,507,607,701
30,500,500,500,500,500,500,500,500,500,500,500,337,363,348,555,384,450,555,657
30,500,500,500,500,500,500,500,500,500,500,500,255,271,269,444,279,492,593,725
30,500,500,500,500,500,500,500,500,500,500,500,247,262,273,418,275,436,655,714
30,500,500,500,500,500,500,500,500,500,500,500,214,225,281,334,237,423,596,715
30,500,500,500,500,500,500,500,500,500,500,500,279,302,339,455,327,369,560,656
30,500,500,500,500,500,500,500,500,500,500,500,213,223,250,348,234,423,611,733
30,500,500,500,500,500,500,500,500,500,500,500,225,238,278,363,252,409,553,719
30,500,500,500,500,500,500,500,500,500,500,500,190,196,248,284,206,423,634,748
30,500,500,500,500,500,500,500,500,500,500,500,268,282,242,492,301,409,694,760
30,500,500,500,500,500,500,500,500,500,500,500,225,234,227,393,254,356,655,770
30,500,500,500,500,500,500,500,500,500,500,500,248,263,275,423,272,492,633,720
30,500,500,500,500,500,500,500,500,500,500,500,196,205,297,284,212,464,544,689
30,500,500,500,500,500,500,500,500,500,500,500,232,247,292,373,251,521,580,703
30,500,500,500,500,500,500,500,500,500,500,500,220,232,282,348,241,478,539,707
30,500,500,500,500,500,500,500,500,500,500,500,342,367,329,576,391,423,622,671
30,500,500,500,500,500,500,500,500,500,500,500,275,298,351,439,316,423,527,651
30,500,500,500,500,500,500,500,500,500,500,500,192,198,256,289,207,436,624,736
30,500,500,500,500,500,500,500,500,500,500,500,262,280,310,434,287,521,504,680
30,500,500,500,500,500,500,500,500,500,500,500,277,297,303,470,302,549,489,691
30,500,500,500,500,500,500,500,500,500,500,500,263,281,292,444,287,521,536,693
30,500,500,500,500,500,500,500,500,500,500,500,310,336,357,502,354,450,531,632
30,500,500,500,500,500,500,500,500,500,500,500,253,269,294,418,273,535,544,690
30,500,500,500,500,500,500,500,500,500,500,500,250,265,278,423,274,492,584,717
30,500,500,500,500,500,500,500,500,500,500,500,261,278,289,444,285,521,547,704
30,500,500,500,500,500,500,500,500,500,500,500,196,205,274,293,208,507,561,725
30,500,500,500,500,500,500,500,500,500,500,500,243,258,293,398,261,549,551,698
30,500,500,500,500,500,500,500,500,500,500,500,400,430,379,631,452,478,487,626
30,500,500,500,500,500,500,500,500,500,500,500,239,254,294,388,258,535,573,704
30,500,500,500,500,500,500,500,500,500,500,500,303,328,348,492,343,478,542,661
30,500,500,500,500,500,500,500,500,500,500,500,267,285,277,465,294,507,614,723
30,500,500,500,500,500,500,500,500,500,500,500,261,278,288,444,285,521,585,706
30,500,500,500,500,500,500,500,500,500,500,500,198,205,257,302,215,436,645,729
30,500,500,500,500,500,500,500,500,500,500,500,249,264,261,434,277,450,673,748
30,500,500,500,500,500,500,500,500,500,500,500,283,303,303,481,318,464,584,692
30,500,500,500,500,500,500,500,500,500,500,500,211,218,214,363,238,343,729,789
30,500,500,500,500,500,500,500,500,500,500,500,250,264,254,439,276,450,649,750
30,500,500,500,500,500,500,500,500,500,500,500,199,207,261,306,217,436,597,731
30,500,500,500,500,500,500,500,500,500,500,500,229,239,227,403,261,343,701,775
30,500,500,500,500,500,500,500,500,500,500,500,219,229,243,368,246,382,692,764
30,500,500,500,500,500,500,500,500,500,500,500,202,211,271,306,220,450,560,723
30,500,500,500,500,500,500,500,500,500,500,500,201,210,271,306,218,450,542,723
30,500,500,500,500,500,500,500,500,500,500,500,206,216,280,315,223,464,553,707
30,500,500,500,500,500,500,500,500,500,500,500,357,386,375,570,406,478,562,621
30,500,500,500,500,500,500,500,500,500,500,500,306,331,351,497,353,423,589,646
30,500,500,500,500,500,500,500,500,500,500,500,218,229,270,348,239,450,631,737
30,500,500,500,500,500,500,500,500,500,500,500,222,234,276,358,243,464,577,720
30,500,500,500,500,500,500,500,500,500,500,500,239,254,288,393,263,492,552,705
30,500,500,500,500,500,500,500,500,500,500,500,320,344,320,544,377,343,626,694
30,500,500,500,500,500,500,500,500,500,500,500,192,199,263,284,208,436,583,726
30,500,500,500,500,500,500,500,500,500,500,500,272,291,303,460,296,549,553,684
30,500,500,500,500,500,500,500,500,500,500,500,257,275,295,429,280,535,545,694
30,500,500,500,500,500,500,500,500,500,500,500,280,301,311,470,305,549,535,686
30,500,500,500,500,500,500,500,500,500,500,500,245,262,309,398,267,535,499,673
30,500,500,500,500,500,500,500,500,500,500,500,292,312,292,507,319,535,553,711
30,500,500,500,500,500,500,500,500,500,500,500,240,257,316,383,258,563,504,684
30,500,500,500,500,500,500,500,500,500,500,500,227,240,288,363,247,492,524,697
30,500,500,500,500,500,500,500,500,500,500,500,216,228,287,339,233,492,611,718
30,500,500,500,500,500,500,500,500,500,500,500,218,231,293,339,235,507,554,700
30,500,500,500,500,500,500,500,500,500,500,500,250,264,259,439,278,450,610,742
30,500,500,500,500,500,500,500,500,500,500,500,217,229,283,344,236,478,541,702
30,500,500,500,500,500,500,500,500,500,500,500,244,261,320,388,261,576,527,667
30,500,500,500,500,500,500,500,500,500,500,500,234,249,287,383,255,507,630,714
30,500,500,500,500,500,500,500,500,500,500,500,239,254,289,393,261,507,629,718
30,500,500,500,500,500,500,500,500,500,500,500,243,259,301,393,262,549,583,701
30,500,500,500,500,500,500,500,500,500,500,500,237,252,294,383,257,521,507,687
30,500,500,500,500,500,500,500,500,500,500,500,225,239,309,348,241,549,497,685
30,500,500,500,500,500,500,500,500,500,500,500,219,230,261,358,240,450,688,746
30,500,500,500,500,500,500,500,500,500,500,500,208,219,282,320,224,492,640,727
30,500,500,500,500,500,500,500,500,500,500,500,234,248,292,378,254,507,590,715
30,500,500,500,500,500,500,500,500,500,500,500,212,224,291,325,228,507,620,711
30,500,500,500,500,500,500,500,500,500,500,500,189,195,247,284,209,382,615,741
30,500,500,500,500,500,500,500,500,500,500,500,190,196,237,289,210,369,651,748
30,500,500,500,500,500,500,500,500,500,500,500,240,255,284,398,266,464,590,716
30,500,500,500,500,500,500,500,500,500,500,500,220,232,284,348,242,464,570,717
30,500,500,500,500,500,500,500,500,500,500,500,245,257,228,449,284,318,732,782
30,500,500,500,500,500,500,500,500,500,500,500,210,219,254,339,235,382,664,740
30,500,500,500,500,500,500,500,500,500,500,500,227,238,263,378,255,395,607,734
30,500,500,500,500,500,500,500,500,500,500,500,267,287,327,434,292,549,469,665
30,500,500,500,500,500,500,500,500,500,500,500,350,384,443,523,398,521,408,543
30,500,500,500,500,500,500,500,500,500,500,500,340,373,422,518,379,576,454,563
30,500,500,500,500,500,500,500,500,500,500,500,358,392,436,539,402,549,430,557
30,500,500,500,500,500,500,500,500,500,500,500,358,391,416,550,400,549,450,573
30,500,500,500,500,500,500,500,500,500,500,500,207,218,292,315,225,478,573,699
30,500,500,500,500,500,500,500,500,500,500,500,260,274,236,481,295,382,694,768
30,500,500,500,500,500,500,500,500,500,500,500,260,280,322,423,280,576,479,666
30,500,500,500,500,500,500,500,500,500,500,500,294,321,376,460,310,693,412,596
30,500,500,500,500,500,500,500,500,500,500,500,303,332,402,465,338,563,417,584
30,500,500,500,500,500,500,500,500,500,500,500,220,233,297,344,232,576,496,681
30,500,500,500,500,500,500,500,500,500,500,500,316,342,343,523,360,464,560,655
30,500,500,500,500,500,500,500,500,500,500,500,288,307,286,507,322,464,537,716
30,500,500,500,500,500,500,500,500,500,500,500,206,217,294,311,220,521,505,692
30,500,500,500,500,500,500,500,500,500,500,500,210,221,281,325,225,521,583,710
30,500,500,500,500,500,500,500,500,500,500,500,223,236,282,358,240,521,600,704
30,500,500,500,500,500,500,500,500,500,500,500,240,257,318,378,260,549,580,670
30,500,500,500,500,500,500,500,500,500,500,500,217,230,305,329,235,492,530,680
30,500,500,500,500,500,500,500,500,500,500,500,268,292,374,413,294,576,440,626
30,500,500,500,500,500,500,500,500,500,500,500,282,298,247,523,316,423,664,759
30,500,500,500,500,500,500,500,500,500,500,500,227,239,272,373,248,464,602,718
30,500,500,500,500,500,500,500,500,500,500,500,334,363,382,529,380,478,553,617
30,500,500,500,500,500,500,500,500,500,500,500,267,282,252,486,295,464,642,744
30,500,500,500,500,500,500,500,500,500,500,500,241,258,309,388,256,590,546,683
30,500,500,500,500,500,500,500,500,500,500,500,205,215,277,315,223,464,565,714
30,500,500,500,500,500,500,500,500,500,500,500,332,357,332,560,386,382,617,678
30,500,500,500,500,500,500,500,500,500,500,500,252,268,283,423,277,478,535,722
30,500,500,500,500,500,500,500,500,500,500,500,314,338,329,529,366,369,611,686
30,500,500,500,500,500,500,500,500,500,500,500,224,237,297,353,241,521,579,696
30,500,500,500,500,500,500,500,500,500,500,500,241,256,282,403,265,492,608,707
30,500,500,500,500,500,500,500,500,500,500,500,240,251,239,423,273,356,726,764
30,500,500,500,500,500,500,500,500,500,500,500,255,268,232,470,294,330,676,767
30,500,500,500,500,500,500,500,500,500,500,500,220,234,309,339,238,521,542,679
30,500,500,500,500,500,500,500,500,500,500,500,225,239,298,353,247,478,549,697
30,500,500,500,500,500,500,500,500,500,500,500,305,333,389,476,354,436,490,611
30,500,500,500,500,500,500,500,500,500,500,500,217,226,230,373,241,395,619,771
30,500,500,500,500,500,500,500,500,500,500,500,232,244,249,398,256,436,645,757
30,500,500,500,500,500,500,500,500,500,500,500,216,226,259,353,246,356,612,741
30,500,500,500,500,500,500,500,500,500,500,500,169,174,269,228,179,450,621,725
30,500,500,500,500,500,500,500,500,500,500,500,308,333,333,513,354,423,593,670
30,500,500,500,500,500,500,500,500,500,500,500,253,267,256,444,279,464,627,748
30,500,500,500,500,500,500,500,500,500,500,500,215,227,298,329,233,507,583,696
30,500,500,500,500,500,500,500,500,500,500,500,231,244,263,388,257,436,672,741
30,500,500,500,500,500,500,500,500,500,500,500,232,249,343,353,249,563,513,648
30,500,500,500,500,500,500,500,500,500,500,500,271,290,310,449,293,563,513,682
30,500,500,500,500,500,500,500,500,500,500,500,189,197,285,272,206,423,613,717
30,500,500,500,500,500,500,500,500,500,500,500,298,323,349,486,345,409,624,668
30,500,500,500,500,500,500,500,500,500,500,500,253,266,241,460,283,423,677,755
30,500,500,500,500,500,500,500,500,500,500,500,210,223,317,311,221,576,513,675
30,500,500,500,500,500,500,500,500,500,500,500,271,294,347,434,311,436,532,657
30,500,500,500,500,500,500,500,500,500,500,500,195,203,271,289,209,478,569,730
30,500,500,500,500,500,500,500,500,500,500,500,215,228,298,329,233,507,586,692
30,500,500,500,500,500,500,500,500,500,500,500,296,322,370,470,338,464,510,634
30,500,500,500,500,500,500,500,500,500,500,500,223,236,289,353,239,535,602,695
30,500,500,500,500,500,500,500,500,500,500,500,254,267,227,476,292,343,745,777
30,500,500,500,500,500,500,500,500,500,500,500,166,168,251,221,176,409,618,742
30,500,500,500,500,500,500,500,500,500,500,500,313,336,323,529,363,382,637,693
30,500,500,500,500,500,500,500,500,500,500,500,201,210,281,302,220,436,536,701
30,500,500,500,500,500,500,500,500,500,500,500,191,196,234,293,213,356,659,772
30,500,500,500,500,500,500,500,500,500,500,500,228,239,251,388,252,436,596,754
30,500,500,500,500,500,500,500,500,500,500,500,321,350,384,507,370,450,557,609
30,500,500,500,500,500,500,500,500,500,500,500,253,269,279,434,279,478,556,721
30,500,500,500,500,500,500,500,500,500,500,500,229,237,198,429,268,260,746,799
30,500,500,500,500,500,500,500,500,500,500,500,317,344,362,513,363,450,595,648
30,500,500,500,500,500,500,500,500,500,500,500,198,206,257,302,214,450,650,744
30,500,500,500,500,500,500,500,500,500,500,500,227,241,296,358,243,535,583,697
30,500,500,500,500,500,500,500,500,500,500,500,223,233,233,388,248,395,655,768
30,500,500,500,500,500,500,500,500,500,500,500,209,217,243,339,229,423,686,761
30,500,500,500,500,500,500,500,500,500,500,500,244,256,227,449,277,369,696,773
30,500,500,500,500,500,500,500,500,500,500,500,177,183,272,247,190,450,530,709
30,500,500,500,500,500,500,500,500,500,500,500,208,217,261,329,228,423,583,742
30,500,500,500,500,500,500,500,500,500,500,500,181,186,258,259,194,436,646,733
30,500,500,500,500,500,500,500,500,500,500,500,298,322,330,497,346,395,645,679
30,500,500,500,500,500,500,500,500,500,500,500,250,266,276,423,276,478,575,724
30,500,500,500,500,500,500,500,500,500,500,500,213,221,223,363,240,356,715,788
30,500,500,500,500,500,500,500,500,500,500,500,189,194,235,289,209,356,723,766
30,500,500,500,500,500,500,500,500,500,500,500,235,247,245,408,267,369,657,753
30,500,500,500,500,500,500,500,500,500,500,500,182,190,294,251,196,450,604,707
30,500,500,500,500,500,500,500,500,500,500,500,207,217,288,315,228,423,582,719
30,500,500,500,500,500,500,500,500,500,500,500,247,262,276,418,278,423,616,732
30,500,500,500,500,500,500,500,500,500,500,500,231,242,236,403,257,409,683,759
30,500,500,500,500,500,500,500,500,500,500,500,232,243,243,398,256,423,654,753
30,500,500,500,500,500,500,500,500,500,500,500,255,269,238,465,287,409,689,755
30,500,500,500,500,500,500,500,500,500,500,500,208,215,227,344,235,330,649,781
30,500,500,500,500,500,500,500,500,500,500,500,190,196,251,284,205,423,647,746
30,500,500,500,500,500,500,500,500,500,500,500,209,217,235,344,232,395,694,777
30,500,500,500,500,500,500,500,500,500,500,500,211,220,241,348,234,409,699,762
30,500,500,500,500,500,500,500,500,500,500,500,235,248,260,398,261,436,622,749
30,500,500,500,500,500,500,500,500,500,500,500,319,346,355,518,367,436,539,641
30,500,500,500,500,500,500,500,500,500,500,500,342,373,401,529,395,436,524,582
30,500,500,500,500,500,500,500,500,500,500,500,250,265,260,439,277,464,653,730
30,500,500,500,500,500,500,500,500,500,500,500,310,333,313,529,367,318,653,691
30,500,500,500,500,500,500,500,500,500,500,500,282,300,270,507,310,507,583,714
30,500,500,500,500,500,500,500,500,500,500,500,211,218,205,368,240,318,717,794
30,500,500,500,500,500,500,500,500,500,500,500,277,300,344,444,319,409,585,663
30,500,500,500,500,500,500,500,500,500,500,500,230,242,256,388,256,423,626,753
30,500,500,500,500,500,500,500,500,500,500,500,339,364,328,570,389,409,650,679
30,500,500,500,500,500,500,500,500,500,500,500,208,215,221,348,236,330,700,768
30,500,500,500,500,500,500,500,500,500,500,500,237,251,269,398,262,450,632,725
30,500,500,500,500,500,500,500,500,500,500,500,185,190,235,276,201,395,706,766
30,500,500,500,500,500,500,500,500,500,500,500,325,355,385,513,377,436,551,607
30,500,500,500,500,500,500,500,500,500,500,500,263,280,278,455,296,436,664,715
30,500,500,500,500,500,500,500,500,500,500,500,240,251,228,434,272,369,715,771
30,500,500,500,500,500,500,500,500,500,500,500,225,235,242,383,247,436,670,749
30,500,500,500,500,500,500,500,500,500,500,500,194,199,220,311,215,356,755,780
30,500,500,500,500,500,500,500,500,500,500,500,205,213,239,329,229,369,650,761
30,500,500,500,500,500,500,500,500,500,500,500,222,233,258,368,247,423,578,735
30,500,500,500,500,500,500,500,500,500,500,500,223,235,278,358,241,492,564,714
30,500,500,500,500,500,500,500,500,500,500,500,192,200,271,284,216,356,651,735
30,500,500,500,500,500,500,500,500,500,500,500,362,387,316,621,417,382,662,697
30,500,500,500,500,500,500,500,500,500,500,500,170,172,226,236,187,330,705,778
30,500,500,500,500,500,500,500,500,500,500,500,210,217,212,363,239,318,763,787
30,500,500,500,500,500,500,500,500,500,500,500,177,181,231,255,192,395,691,769
30,500,500,500,500,500,500,500,500,500,500,500,195,200,233,306,213,395,667,767
30,500,500,500,500,500,500,500,500,500,500,500,336,364,363,544,391,409,586,640
30,500,500,500,500,500,500,500,500,500,500,500,227,236,217,408,259,330,690,782
30,500,500,500,500,500,500,500,500,500,500,500,225,234,224,398,256,343,719,793
30,500,500,500,500,500,500,500,500,500,500,500,232,244,256,393,258,423,700,751
30,500,500,500,500,500,500,500,500,500,500,500,240,250,220,439,277,318,705,772
30,500,500,500,500,500,500,500,500,500,500,500,286,308,322,476,331,395,644,679
30,500,500,500,500,500,500,500,500,500,500,500,195,201,228,306,217,356,699,777
30,500,500,500,500,500,500,500,500,500,500,500,222,234,278,358,244,464,557,714
30,500,500,500,500,500,500,500,500,500,500,500,234,247,258,398,259,450,626,753
30,500,500,500,500,500,500,500,500,500,500,500,217,226,241,363,245,369,687,761
30,500,500,500,500,500,500,500,500,500,500,500,191,199,277,280,214,369,569,728
30,500,500,500,500,500,500,500,500,500,500,500,228,235,187,439,267,260,799,822
30,500,500,500,500,500,500,500,500,500,500,500,288,308,297,497,340,318,652,713
30,500,500,500,500,500,500,500,500,500,500,500,214,222,235,358,235,409,649,753
30,500,500,500,500,500,500,500,500,500,500,500,238,247,203,449,273,318,758,796
30,500,500,500,500,500,500,500,500,500,500,500,193,197,205,315,217,306,736,801
30,500,500,500,500,500,500,500,500,500,500,500,201,206,213,334,225,330,672,782
30,500,500,500,500,500,500,500,500,500,500,500,265,285,318,434,310,356,650,683
30,500,500,500,500,500,500,500,500,500,500,500,212,220,230,358,240,343,724,769
30,500,500,500,500,500,500,500,500,500,500,500,172,173,210,247,192,294,723,796
30,500,500,500,500,500,500,500,500,500,500,500,210,218,231,348,238,330,662,779
30,500,500,500,500,500,500,500,500,500,500,500,212,221,232,353,239,356,694,764
30,500,500,500,500,500,500,500,500,500,500,500,213,220,219,363,238,356,720,775
30,500,500,500,500,500,500,500,500,500,500,500,184,185,171,306,212,229,798,841
30,500,500,500,500,500,500,500,500,500,500,500,209,217,229,348,232,382,654,765
30,500,500,500,500,500,500,500,500,500,500,500,231,242,236,403,258,395,701,760
30,500,500,500,500,500,500,500,500,500,500,500,230,242,249,393,252,464,637,747
30,500,500,500,500,500,500,500,500,500,500,500,232,243,241,403,257,423,633,757
30,500,500,500,500,500,500,500,500,500,500,500,197,204,247,306,212,450,645,737
30,500,500,500,500,500,500,500,500,500,500,500,181,184,213,276,199,356,741,789
30,500,500,500,500,500,500,500,500,500,500,500,239,256,321,378,284,306,667,685
30,500,500,500,500,500,500,500,500,500,500,500,158,158,221,206,173,318,682,784
30,500,500,500,500,500,500,500,500,500,500,500,229,239,233,403,255,395,707,755
30,500,500,500,500,500,500,500,500,500,500,500,299,322,333,497,350,369,643,672
30,500,500,500,500,500,500,500,500,500,500,500,195,201,231,306,215,369,735,755
30,500,500,500,500,500,500,500,500,500,500,500,176,179,227,255,196,318,688,777
30,500,500,500,500,500,500,500,500,500,500,500,157,156,208,206,170,330,729,798
30,500,500,500,500,500,500,500,500,500,500,500,198,205,240,311,223,356,684,762
30,500,500,500,500,500,500,500,500,500,500,500,230,240,233,403,255,423,678,760
30,500,500,500,500,500,500,500,500,500,500,500,218,224,186,408,254,260,775,825
30,500,500,500,500,500,500,500,500,500,500,500,161,161,203,221,176,318,772,798
30,500,500,500,500,500,500,500,500,500,500,500,222,231,227,388,248,382,687,777
30,500,500,500,500,500,500,500,500,500,500,500,211,220,249,344,232,423,651,748
30,500,500,500,500,500,500,500,500,500,500,500,228,236,192,434,264,283,772,822
30,500,500,500,500,500,500,500,500,500,500,500,226,234,202,418,262,283,761,807
30,500,500,500,500,500,500,500,500,500,500,500,225,233,208,408,255,330,753,802
30,500,500,500,500,500,500,500,500,500,500,500,254,266,222,476,286,382,736,762
30,500,500,500,500,500,500,500,500,500,500,500,275,295,300,465,324,330,704,710
30,500,500,500,500,500,500,500,500,500,500,500,148,145,193,183,160,294,747,813
30,500,500,500,500,500,500,500,500,500,500,500,166,166,199,236,182,318,719,802
30,500,500,500,500,500,500,500,500,500,500,500,202,208,219,329,223,382,729,769
30,500,500,500,500,500,500,500,500,500,500,500,202,207,207,339,227,318,724,803
30,500,500,500,500,500,500,500,500,500,500,500,222,230,206,403,252,330,763,806
30,500,500,500,500,500,500,500,500,500,500,500,169,171,226,236,184,356,669,767
30,500,500,500,500,500,500,500,500,500,500,500,210,217,215,358,236,343,704,794
30,500,500,500,500,500,500,500,500,500,500,500,215,222,206,378,244,318,765,798
30,500,500,500,500,500,500,500,500,500,500,500,208,214,214,353,234,343,717,796
30,500,500,500,500,500,500,500,500,500,500,500,205,211,209,348,237,283,722,794
30,500,500,500,500,500,500,500,500,500,500,500,316,344,384,497,371,382,547,624
30,500,500,500,500,500,500,500,500,500,500,500,201,207,223,329,222,382,729,775
30,500,500,500,500,500,500,500,500,500,500,500,202,213,297,302,228,382,600,715
30,500,500,500,500,500,500,500,500,500,500,500,151,149,184,196,168,250,786,816
30,500,500,500,500,500,500,500,500,500,500,500,195,199,215,315,220,306,718,800
30,500,500,500,500,500,500,500,500,500,500,500,184,188,223,280,205,330,650,786
30,500,500,500,500,500,500,500,500,500,500,500,219,227,204,393,253,294,748,821
30,500,500,500,500,500,500,500,500,500,500,500,218,226,215,383,244,356,756,774
30,500,500,500,500,500,500,500,500,500,500,500,297,320,333,492,350,343,654,677
30,500,500,500,500,500,500,500,500,500,500,500,183,186,216,280,201,356,699,794
30,500,500,500,500,500,500,500,500,500,500,500,217,225,217,378,245,343,733,790
30,500,500,500,500,500,500,500,500,500,500,500,176,179,216,259,195,330,714,798
30,500,500,500,500,500,500,500,500,500,500,500,220,227,200,398,249,318,768,808
30,500,500,500,500,500,500,500,500,500,500,500,193,198,223,306,213,369,730,775
