---
name: "SOM Round 2 — 500 samples"
description: Factor-based strategy search Round 2
variables:
    - top
    - Yield
    - ROC
    - EarningsYield
    - RS(6m)
    - ROA
    - ΔROA
    - AccrualRatio
    - ΔLTDebt-to-Assets
    - ΔCurrentRatio
    - ΔOpMgn
    - ΔAssetTurnover
    - annualized
    - mean
    - std
    - sharpe
    - alpha
    - beta
    - var
    - tvar
inputs: 20
outputs: 0
---
30,500,500,500,500,500,500,500,500,500,500,500,194,204,310,276,209,478,589,678
30,500,500,500,500,500,500,500,500,500,500,500,395,429,437,591,445,521,419,554
30,500,500,500,500,500,500,500,500,500,500,500,368,402,433,555,415,535,462,555
30,500,500,500,500,500,500,500,500,500,500,500,254,276,358,393,277,563,477,642
30,500,500,500,500,500,500,500,500,500,500,500,234,250,306,373,252,549,559,676
30,500,500,500,500,500,500,500,500,500,500,500,357,389,416,544,408,478,458,571
30,500,500,500,500,500,500,500,500,500,500,500,408,443,447,601,460,521,417,542
30,500,500,500,500,500,500,500,500,500,500,500,363,397,431,544,406,563,446,553
30,500,500,500,500,500,500,500,500,500,500,500,276,296,320,455,308,478,547,677
30,500,500,500,500,500,500,500,500,500,500,500,285,309,353,460,311,576,483,640
30,500,500,500,500,500,500,500,500,500,500,500,228,244,334,348,243,576,502,645
30,500,500,500,500,500,500,500,500,500,500,500,361,395,438,539,409,521,460,566
30,500,500,500,500,500,500,500,500,500,500,500,368,403,443,550,420,492,475,558
30,500,500,500,500,500,500,500,500,500,500,500,373,406,420,570,427,464,497,583
30,500,500,500,500,500,500,500,500,500,500,500,243,263,360,368,262,590,517,618
30,500,500,500,500,500,500,500,500,500,500,500,345,378,420,529,384,576,431,569
30,500,500,500,500,500,500,500,500,500,500,500,255,275,343,403,280,535,511,656
30,500,500,500,500,500,500,500,500,500,500,500,418,450,413,636,473,478,487,593
30,500,500,500,500,500,500,500,500,500,500,500,373,405,405,576,417,549,444,588
30,500,500,500,500,500,500,500,500,500,500,500,408,441,419,616,450,576,476,565
30,500,500,500,500,500,500,500,500,500,500,500,379,410,393,591,420,563,468,594
30,500,500,500,500,500,500,500,500,500,500,500,354,382,359,576,397,507,514,645
30,500,500,500,500,500,500,500,500,500,500,500,265,286,340,423,293,521,506,652
30,500,500,500,500,500,500,500,500,500,500,500,349,384,449,518,391,576,406,540
30,500,500,500,500,500,500,500,500,500,500,500,303,328,353,492,325,630,489,619
30,500,500,500,500,500,500,500,500,500,500,500,422,457,447,621,461,617,424,542
30,500,500,500,500,500,500,500,500,500,500,500,381,412,396,596,426,535,484,591
30,500,500,500,500,500,500,500,500,500,500,500,366,395,378,581,409,521,542,623
30,500,500,500,500,500,500,500,500,500,500,500,391,423,405,601,434,549,482,581
30,500,500,500,500,500,500,500,500,500,500,500,411,442,400,631,457,535,493,587
30,500,500,500,500,500,500,500,500,500,500,500,359,388,365,581,401,521,482,640
30,500,500,500,500,500,500,500,500,500,500,500,333,360,361,539,363,590,453,631
30,500,500,500,500,500,500,500,500,500,500,500,372,407,435,560,426,478,464,562
30,500,500,500,500,500,500,500,500,500,500,500,367,398,393,576,422,436,521,608
30,500,500,500,500,500,500,500,500,500,500,500,263,280,282,449,287,507,507,703
30,500,500,500,500,500,500,500,500,500,500,500,369,402,425,560,416,535,454,563
30,500,500,500,500,500,500,500,500,500,500,500,336,361,331,565,366,576,494,647
30,500,500,500,500,500,500,500,500,500,500,500,248,268,337,388,277,492,584,668
30,500,500,500,500,500,500,500,500,500,500,500,370,404,422,565,421,492,483,570
30,500,500,500,500,500,500,500,500,500,500,500,294,321,390,455,332,507,507,606
30,500,500,500,500,500,500,500,500,500,500,500,402,438,457,586,443,617,443,526
30,500,500,500,500,500,500,500,500,500,500,500,282,306,358,449,302,630,459,631
30,500,500,500,500,500,500,500,500,500,500,500,316,343,365,507,363,436,549,629
30,500,500,500,500,500,500,500,500,500,500,500,368,400,407,570,415,507,498,588
30,500,500,500,500,500,500,500,500,500,500,500,395,432,458,576,441,576,416,536
30,500,500,500,500,500,500,500,500,500,500,500,241,257,303,388,262,521,609,681
30,500,500,500,500,500,500,500,500,500,500,500,373,405,409,576,413,576,501,575
30,500,500,500,500,500,500,500,500,500,500,500,398,430,414,606,441,563,458,582
30,500,500,500,500,500,500,500,500,500,500,500,360,393,427,544,400,576,431,569
30,500,500,500,500,500,500,500,500,500,500,500,266,288,354,418,290,563,446,638
30,500,500,500,500,500,500,500,500,500,500,500,378,412,426,570,417,604,471,565
30,500,500,500,500,500,500,500,500,500,500,500,403,439,460,586,448,576,420,532
30,500,500,500,500,500,500,500,500,500,500,500,325,354,384,513,367,507,489,601
30,500,500,500,500,500,500,500,500,500,500,500,224,237,282,358,243,507,618,698
30,500,500,500,500,500,500,500,500,500,500,500,391,424,413,596,437,549,456,581
30,500,500,500,500,500,500,500,500,500,500,500,238,253,296,388,254,549,531,682
30,500,500,500,500,500,500,500,500,500,500,500,267,287,315,439,286,590,525,679
30,500,500,500,500,500,500,500,500,500,500,500,396,429,416,601,435,590,468,574
30,500,500,500,500,500,500,500,500,500,500,500,333,358,334,555,358,617,487,650
30,500,500,500,500,500,500,500,500,500,500,500,368,400,406,570,408,576,487,586
30,500,500,500,500,500,500,500,500,500,500,500,317,345,381,502,355,535,494,619
30,500,500,500,500,500,500,500,500,500,500,500,353,383,388,555,392,563,512,606
30,500,500,500,500,500,500,500,500,500,500,500,333,359,344,550,361,604,477,638
30,500,500,500,500,500,500,500,500,500,500,500,276,297,334,449,295,617,475,651
30,500,500,500,500,500,500,500,500,500,500,500,246,263,315,393,262,590,559,646
30,500,500,500,500,500,500,500,500,500,500,500,343,370,346,565,370,617,459,636
30,500,500,500,500,500,500,500,500,500,500,500,367,394,342,606,416,450,564,658
30,500,500,500,500,500,500,500,500,500,500,500,384,412,358,621,441,409,631,647
30,500,500,500,500,500,500,500,500,500,500,500,434,462,365,688,491,423,564,629
30,500,500,500,500,500,500,500,500,500,500,500,312,336,323,529,366,356,627,684
30,500,500,500,500,500,500,500,500,500,500,500,265,278,219,507,302,356,719,785
30,500,500,500,500,500,500,500,500,500,500,500,348,368,250,655,392,423,690,761
30,500,500,500,500,500,500,500,500,500,500,500,324,354,390,507,365,521,479,609
30,500,500,500,500,500,500,500,500,500,500,500,354,384,389,555,393,549,493,607
30,500,500,500,500,500,500,500,500,500,500,500,405,438,423,611,452,535,442,570
30,500,500,500,500,500,500,500,500,500,500,500,350,381,396,544,391,549,474,591
30,500,500,500,500,500,500,500,500,500,500,500,351,380,368,565,397,492,553,641
30,500,500,500,500,500,500,500,500,500,500,500,329,356,358,534,379,423,611,642
30,500,500,500,500,500,500,500,500,500,500,500,359,387,355,586,410,450,561,656
30,500,500,500,500,500,500,500,500,500,500,500,319,347,372,513,361,492,528,621
30,500,500,500,500,500,500,500,500,500,500,500,265,286,336,423,280,643,484,638
30,500,500,500,500,500,500,500,500,500,500,500,370,402,403,576,411,563,485,587
30,500,500,500,500,500,500,500,500,500,500,500,363,393,381,576,410,492,514,626
30,500,500,500,500,500,500,500,500,500,500,500,419,452,418,631,466,535,489,583
30,500,500,500,500,500,500,500,500,500,500,500,244,260,292,403,264,535,583,704
30,500,500,500,500,500,500,500,500,500,500,500,387,417,377,616,437,478,522,641
30,500,500,500,500,500,500,500,500,500,500,500,255,273,301,423,275,563,543,680
30,500,500,500,500,500,500,500,500,500,500,500,247,266,336,388,260,643,485,646
30,500,500,500,500,500,500,500,500,500,500,500,226,240,301,353,239,576,556,690
30,500,500,500,500,500,500,500,500,500,500,500,303,331,386,470,339,535,510,611
30,500,500,500,500,500,500,500,500,500,500,500,333,364,404,513,369,576,449,586
30,500,500,500,500,500,500,500,500,500,500,500,326,354,368,523,369,492,512,639
30,500,500,500,500,500,500,500,500,500,500,500,276,294,286,476,303,507,572,703
30,500,500,500,500,500,500,500,500,500,500,500,356,382,332,596,413,382,621,678
30,500,500,500,500,500,500,500,500,500,500,500,280,298,273,497,319,395,605,727
30,500,500,500,500,500,500,500,500,500,500,500,205,214,252,325,224,436,644,741
30,500,500,500,500,500,500,500,500,500,500,500,296,314,270,534,334,436,615,732
30,500,500,500,500,500,500,500,500,500,500,500,260,275,262,460,292,423,633,745
30,500,500,500,500,500,500,500,500,500,500,500,215,224,246,353,239,395,620,755
30,500,500,500,500,500,500,500,500,500,500,500,254,276,367,388,275,590,446,616
30,500,500,500,500,500,500,500,500,500,500,500,357,389,408,550,411,450,570,596
30,500,500,500,500,500,500,500,500,500,500,500,370,406,445,550,421,507,458,548
30,500,500,500,500,500,500,500,500,500,500,500,363,397,435,544,423,423,508,573
30,500,500,500,500,500,500,500,500,500,500,500,262,282,321,429,288,521,460,668
30,500,500,500,500,500,500,500,500,500,500,500,342,374,415,523,392,478,506,589
30,500,500,500,500,500,500,500,500,500,500,500,402,436,434,601,457,492,485,567
30,500,500,500,500,500,500,500,500,500,500,500,398,435,466,576,448,549,437,520
30,500,500,500,500,500,500,500,500,500,500,500,410,446,455,601,457,563,415,525
30,500,500,500,500,500,500,500,500,500,500,500,367,397,379,586,419,464,553,617
30,500,500,500,500,500,500,500,500,500,500,500,355,384,370,570,398,507,458,616
30,500,500,500,500,500,500,500,500,500,500,500,397,431,428,596,449,507,495,567
30,500,500,500,500,500,500,500,500,500,500,500,262,286,377,403,284,604,401,598
30,500,500,500,500,500,500,500,500,500,500,500,359,392,409,555,404,535,537,574
30,500,500,500,500,500,500,500,500,500,500,500,378,414,459,555,432,507,448,542
30,500,500,500,500,500,500,500,500,500,500,500,391,428,471,565,439,563,397,507
30,500,500,500,500,500,500,500,500,500,500,500,427,461,440,631,472,576,482,537
30,500,500,500,500,500,500,500,500,500,500,500,313,338,333,523,346,535,498,658
30,500,500,500,500,500,500,500,500,500,500,500,398,432,436,596,446,535,482,556
30,500,500,500,500,500,500,500,500,500,500,500,260,280,343,413,288,521,533,662
30,500,500,500,500,500,500,500,500,500,500,500,314,342,379,497,358,478,471,610
30,500,500,500,500,500,500,500,500,500,500,500,348,378,384,550,392,507,532,612
30,500,500,500,500,500,500,500,500,500,500,500,360,388,364,581,403,521,518,637
30,500,500,500,500,500,500,500,500,500,500,500,257,273,287,434,277,549,535,704
30,500,500,500,500,500,500,500,500,500,500,500,280,301,317,465,306,549,506,670
30,500,500,500,500,500,500,500,500,500,500,500,451,483,431,665,503,507,475,572
30,500,500,500,500,500,500,500,500,500,500,500,344,370,342,570,375,576,488,637
30,500,500,500,500,500,500,500,500,500,500,500,249,268,327,398,273,535,465,659
30,500,500,500,500,500,500,500,500,500,500,500,500,529,435,715,541,590,435,550
30,500,500,500,500,500,500,500,500,500,500,500,318,340,297,555,348,549,535,689
30,500,500,500,500,500,500,500,500,500,500,500,365,394,370,586,408,521,525,628
30,500,500,500,500,500,500,500,500,500,500,500,388,417,373,616,437,492,487,621
30,500,500,500,500,500,500,500,500,500,500,500,374,408,433,560,432,436,500,571
30,500,500,500,500,500,500,500,500,500,500,500,376,409,415,576,431,464,513,589
30,500,500,500,500,500,500,500,500,500,500,500,373,402,365,601,427,436,548,628
30,500,500,500,500,500,500,500,500,500,500,500,243,259,298,398,270,464,587,689
30,500,500,500,500,500,500,500,500,500,500,500,213,222,243,353,238,382,678,758
30,500,500,500,500,500,500,500,500,500,500,500,322,346,332,539,358,521,493,660
30,500,500,500,500,500,500,500,500,500,500,500,376,405,364,606,433,423,605,627
30,500,500,500,500,500,500,500,500,500,500,500,312,334,291,550,358,395,569,711
30,500,500,500,500,500,500,500,500,500,500,500,408,434,340,670,474,343,676,663
30,500,500,500,500,500,500,500,500,500,500,500,254,266,222,476,296,306,695,779
30,500,500,500,500,500,500,500,500,500,500,500,340,363,295,601,405,294,704,716
30,500,500,500,500,500,500,500,500,500,500,500,430,459,381,670,495,382,605,623
30,500,500,500,500,500,500,500,500,500,500,500,351,383,402,544,393,549,520,590
30,500,500,500,500,500,500,500,500,500,500,500,378,412,433,570,431,492,480,562
30,500,500,500,500,500,500,500,500,500,500,500,398,431,415,606,456,450,508,592
30,500,500,500,500,500,500,500,500,500,500,500,232,245,282,378,251,507,620,704
30,500,500,500,500,500,500,500,500,500,500,500,217,229,294,334,234,507,583,693
30,500,500,500,500,500,500,500,500,500,500,500,367,396,375,586,416,478,562,615
30,500,500,500,500,500,500,500,500,500,500,500,326,355,378,518,370,492,578,612
30,500,500,500,500,500,500,500,500,500,500,500,376,408,397,586,421,535,499,601
30,500,500,500,500,500,500,500,500,500,500,500,416,448,409,636,470,478,472,605
30,500,500,500,500,500,500,500,500,500,500,500,273,293,319,449,302,521,557,684
30,500,500,500,500,500,500,500,500,500,500,500,393,426,420,596,447,478,503,576
30,500,500,500,500,500,500,500,500,500,500,500,262,284,350,413,288,549,498,651
30,500,500,500,500,500,500,500,500,500,500,500,336,368,415,513,372,590,462,562
30,500,500,500,500,500,500,500,500,500,500,500,383,414,383,606,431,492,553,606
30,500,500,500,500,500,500,500,500,500,500,500,357,386,365,576,401,507,543,631
30,500,500,500,500,500,500,500,500,500,500,500,255,272,292,429,275,549,539,705
30,500,500,500,500,500,500,500,500,500,500,500,252,271,319,408,270,590,511,655
30,500,500,500,500,500,500,500,500,500,500,500,276,298,336,449,294,630,515,632
30,500,500,500,500,500,500,500,500,500,500,500,459,492,454,660,504,576,405,547
30,500,500,500,500,500,500,500,500,500,500,500,369,396,338,616,397,630,457,656
30,500,500,500,500,500,500,500,500,500,500,500,382,413,383,601,427,521,563,611
30,500,500,500,500,500,500,500,500,500,500,500,317,343,343,523,347,576,457,641
30,500,500,500,500,500,500,500,500,500,500,500,256,271,265,449,285,450,655,724
30,500,500,500,500,500,500,500,500,500,500,500,278,298,313,465,313,450,596,696
30,500,500,500,500,500,500,500,500,500,500,500,444,477,435,651,499,492,434,568
30,500,500,500,500,500,500,500,500,500,500,500,442,473,421,660,490,535,457,558
30,500,500,500,500,500,500,500,500,500,500,500,235,246,237,413,262,409,651,762
30,500,500,500,500,500,500,500,500,500,500,500,296,314,272,534,343,356,606,733
30,500,500,500,500,500,500,500,500,500,500,500,291,306,222,570,338,318,737,779
30,500,500,500,500,500,500,500,500,500,500,500,303,323,280,539,343,423,578,721
30,500,500,500,500,500,500,500,500,500,500,500,324,345,291,576,388,271,743,718
30,500,500,500,500,500,500,500,500,500,500,500,363,394,385,576,406,535,493,613
30,500,500,500,500,500,500,500,500,500,500,500,281,302,318,470,305,576,513,672
30,500,500,500,500,500,500,500,500,500,500,500,215,227,281,339,232,492,534,700
30,500,500,500,500,500,500,500,500,500,500,500,329,355,339,550,358,590,489,658
30,500,500,500,500,500,500,500,500,500,500,500,282,303,310,476,317,464,561,694
30,500,500,500,500,500,500,500,500,500,500,500,220,232,277,353,239,478,642,708
30,500,500,500,500,500,500,500,500,500,500,500,321,350,386,502,362,521,540,611
30,500,500,500,500,500,500,500,500,500,500,500,237,251,279,393,260,478,612,722
30,500,500,500,500,500,500,500,500,500,500,500,205,215,280,315,220,507,575,714
30,500,500,500,500,500,500,500,500,500,500,500,327,355,367,529,375,450,578,642
30,500,500,500,500,500,500,500,500,500,500,500,325,349,322,550,381,356,634,704
30,500,500,500,500,500,500,500,500,500,500,500,394,425,391,616,441,521,549,615
30,500,500,500,500,500,500,500,500,500,500,500,369,398,376,586,416,492,583,621
30,500,500,500,500,500,500,500,500,500,500,500,357,389,408,550,397,576,501,583
30,500,500,500,500,500,500,500,500,500,500,500,255,273,301,423,277,535,455,684
30,500,500,500,500,500,500,500,500,500,500,500,352,381,372,565,398,492,558,625
30,500,500,500,500,500,500,500,500,500,500,500,309,333,332,513,336,590,538,660
30,500,500,500,500,500,500,500,500,500,500,500,246,262,289,408,268,521,553,695
30,500,500,500,500,500,500,500,500,500,500,500,261,280,316,429,281,576,510,673
30,500,500,500,500,500,500,500,500,500,500,500,267,285,288,455,293,507,576,721
30,500,500,500,500,500,500,500,500,500,500,500,239,256,313,383,255,576,528,676
30,500,500,500,500,500,500,500,500,500,500,500,345,374,374,555,390,507,566,632
30,500,500,500,500,500,500,500,500,500,500,500,329,359,384,518,371,521,520,627
30,500,500,500,500,500,500,500,500,500,500,500,209,221,305,315,221,563,539,692
30,500,500,500,500,500,500,500,500,500,500,500,234,250,308,373,251,549,522,684
30,500,500,500,500,500,500,500,500,500,500,500,222,234,275,358,244,450,617,725
30,500,500,500,500,500,500,500,500,500,500,500,210,220,276,325,227,478,600,722
30,500,500,500,500,500,500,500,500,500,500,500,265,281,271,465,293,478,653,732
30,500,500,500,500,500,500,500,500,500,500,500,219,228,229,373,249,330,676,770
30,500,500,500,500,500,500,500,500,500,500,500,244,255,227,444,280,330,693,783
30,500,500,500,500,500,500,500,500,500,500,500,234,246,245,408,266,369,680,759
30,500,500,500,500,500,500,500,500,500,500,500,250,271,354,388,271,590,491,623
30,500,500,500,500,500,500,500,500,500,500,500,411,445,429,616,464,507,509,559
30,500,500,500,500,500,500,500,500,500,500,500,273,295,340,439,304,507,486,660
30,500,500,500,500,500,500,500,500,500,500,500,237,254,340,363,258,535,537,655
30,500,500,500,500,500,500,500,500,500,500,500,414,448,431,616,468,507,474,550
30,500,500,500,500,500,500,500,500,500,500,500,409,442,426,616,465,478,477,572
30,500,500,500,500,500,500,500,500,500,500,500,270,292,344,434,303,492,524,658
30,500,500,500,500,500,500,500,500,500,500,500,225,236,256,373,249,436,611,740
30,500,500,500,500,500,500,500,500,500,500,500,237,256,360,358,259,549,506,634
30,500,500,500,500,500,500,500,500,500,500,500,343,369,348,565,376,576,482,643
30,500,500,500,500,500,500,500,500,500,500,500,288,308,287,507,320,492,534,698
30,500,500,500,500,500,500,500,500,500,500,500,335,357,282,601,371,492,566,716
30,500,500,500,500,500,500,500,500,500,500,500,193,200,256,293,210,436,625,738
30,500,500,500,500,500,500,500,500,500,500,500,335,361,339,560,385,423,562,665
30,500,500,500,500,500,500,500,500,500,500,500,380,411,391,596,431,478,525,595
30,500,500,500,500,500,500,500,500,500,500,500,384,416,396,596,434,492,565,586
30,500,500,500,500,500,500,500,500,500,500,500,336,363,354,550,375,521,441,649
30,500,500,500,500,500,500,500,500,500,500,500,260,279,305,434,281,563,563,672
30,500,500,500,500,500,500,500,500,500,500,500,253,269,281,429,276,507,607,701
30,500,500,500,500,500,500,500,500,500,500,500,385,415,386,606,436,478,553,595
30,500,500,500,500,500,500,500,500,500,500,500,232,245,267,388,252,492,565,718
30,500,500,500,500,500,500,500,500,500,500,500,355,385,383,560,409,436,588,610
30,500,500,500,500,500,500,500,500,500,500,500,214,225,281,334,237,423,596,715
30,500,500,500,500,500,500,500,500,500,500,500,319,345,348,523,376,356,635,652
30,500,500,500,500,500,500,500,500,500,500,500,257,273,285,434,287,450,601,711
30,500,500,500,500,500,500,500,500,500,500,500,296,318,328,492,332,478,546,665
30,500,500,500,500,500,500,500,500,500,500,500,190,196,248,284,206,423,634,748
30,500,500,500,500,500,500,500,500,500,500,500,335,359,322,570,391,356,657,681
30,500,500,500,500,500,500,500,500,500,500,500,225,234,227,393,254,356,655,770
30,500,500,500,500,500,500,500,500,500,500,500,383,415,409,591,426,563,498,582
30,500,500,500,500,500,500,500,500,500,500,500,391,426,443,581,450,464,463,554
30,500,500,500,500,500,500,500,500,500,500,500,403,435,401,621,449,535,478,588
30,500,500,500,500,500,500,500,500,500,500,500,388,421,423,586,446,450,468,583
30,500,500,500,500,500,500,500,500,500,500,500,342,367,329,576,391,423,622,671
30,500,500,500,500,500,500,500,500,500,500,500,431,462,408,655,485,478,515,595
30,500,500,500,500,500,500,500,500,500,500,500,408,441,417,616,457,521,516,585
30,500,500,500,500,500,500,500,500,500,500,500,296,318,321,497,332,478,524,686
30,500,500,500,500,500,500,500,500,500,500,500,303,325,312,518,331,549,488,680
30,500,500,500,500,500,500,500,500,500,500,500,277,297,303,470,302,549,489,691
30,500,500,500,500,500,500,500,500,500,500,500,409,441,409,626,458,507,554,595
30,500,500,500,500,500,500,500,500,500,500,500,253,269,294,418,273,535,544,690
30,500,500,500,500,500,500,500,500,500,500,500,400,429,367,641,453,450,520,634
30,500,500,500,500,500,500,500,500,500,500,500,325,350,332,544,359,535,525,675
30,500,500,500,500,500,500,500,500,500,500,500,268,284,271,470,294,492,598,729
30,500,500,500,500,500,500,500,500,500,500,500,381,411,384,601,426,521,512,608
30,500,500,500,500,500,500,500,500,500,500,500,400,430,379,631,452,478,487,626
30,500,500,500,500,500,500,500,500,500,500,500,284,303,293,492,310,535,501,701
30,500,500,500,500,500,500,500,500,500,500,500,348,375,352,570,397,450,558,642
30,500,500,500,500,500,500,500,500,500,500,500,350,377,349,576,396,464,588,650
30,500,500,500,500,500,500,500,500,500,500,500,261,278,288,444,285,521,585,706
30,500,500,500,500,500,500,500,500,500,500,500,368,400,406,570,425,436,527,584
30,500,500,500,500,500,500,500,500,500,500,500,271,287,258,486,303,436,674,739
30,500,500,500,500,500,500,500,500,500,500,500,283,303,303,481,318,464,584,692
30,500,500,500,500,500,500,500,500,500,500,500,211,218,214,363,238,343,729,789
30,500,500,500,500,500,500,500,500,500,500,500,252,264,236,460,284,382,690,772
30,500,500,500,500,500,500,500,500,500,500,500,272,292,316,449,302,507,527,673
30,500,500,500,500,500,500,500,500,500,500,500,229,239,227,403,261,343,701,775
30,500,500,500,500,500,500,500,500,500,500,500,241,253,237,429,273,369,710,768
30,500,500,500,500,500,500,500,500,500,500,500,392,423,389,616,440,507,546,615
30,500,500,500,500,500,500,500,500,500,500,500,298,321,328,497,330,535,549,671
30,500,500,500,500,500,500,500,500,500,500,500,206,216,280,315,223,464,553,707
30,500,500,500,500,500,500,500,500,500,500,500,357,386,375,570,406,478,562,621
30,500,500,500,500,500,500,500,500,500,500,500,306,331,351,497,353,423,589,646
30,500,500,500,500,500,500,500,500,500,500,500,371,401,382,586,417,507,561,618
30,500,500,500,500,500,500,500,500,500,500,500,370,400,379,586,421,464,552,618
30,500,500,500,500,500,500,500,500,500,500,500,242,256,273,408,270,436,624,729
30,500,500,500,500,500,500,500,500,500,500,500,320,345,329,539,374,369,641,680
30,500,500,500,500,500,500,500,500,500,500,500,405,436,395,631,456,492,558,612
30,500,500,500,500,500,500,500,500,500,500,500,254,271,301,418,275,549,554,685
30,500,500,500,500,500,500,500,500,500,500,500,272,291,303,460,296,549,553,684
30,500,500,500,500,500,500,500,500,500,500,500,259,279,326,418,279,590,458,655
30,500,500,500,500,500,500,500,500,500,500,500,245,262,309,398,267,535,499,673
30,500,500,500,500,500,500,500,500,500,500,500,292,312,292,507,319,535,553,711
30,500,500,500,500,500,500,500,500,500,500,500,240,257,316,383,258,563,504,684
30,500,500,500,500,500,500,500,500,500,500,500,376,405,362,611,434,409,559,653
30,500,500,500,500,500,500,500,500,500,500,500,216,228,287,339,233,492,611,718
30,500,500,500,500,500,500,500,500,500,500,500,348,376,360,565,398,450,581,656
30,500,500,500,500,500,500,500,500,500,500,500,228,239,251,388,254,409,649,757
30,500,500,500,500,500,500,500,500,500,500,500,217,229,283,344,236,478,541,702
30,500,500,500,500,500,500,500,500,500,500,500,260,279,315,429,281,576,499,669
30,500,500,500,500,500,500,500,500,500,500,500,238,254,305,383,256,549,568,691
30,500,500,500,500,500,500,500,500,500,500,500,239,254,289,393,261,507,629,718
30,500,500,500,500,500,500,500,500,500,500,500,243,259,301,393,262,549,583,701
30,500,500,500,500,500,500,500,500,500,500,500,254,269,274,434,282,464,611,731
30,500,500,500,500,500,500,500,500,500,500,500,225,239,309,348,241,549,497,685
30,500,500,500,500,500,500,500,500,500,500,500,219,230,261,358,240,450,688,746
30,500,500,500,500,500,500,500,500,500,500,500,343,371,360,555,389,464,580,648
30,500,500,500,500,500,500,500,500,500,500,500,238,252,278,398,260,492,601,721
30,500,500,500,500,500,500,500,500,500,500,500,226,240,293,358,243,535,620,705
30,500,500,500,500,500,500,500,500,500,500,500,189,195,247,284,209,382,615,741
30,500,500,500,500,500,500,500,500,500,500,500,217,227,240,363,245,369,667,758
30,500,500,500,500,500,500,500,500,500,500,500,234,247,279,383,255,492,617,714
30,500,500,500,500,500,500,500,500,500,500,500,210,219,265,329,232,423,609,736
30,500,500,500,500,500,500,500,500,500,500,500,219,227,217,383,252,306,747,787
30,500,500,500,500,500,500,500,500,500,500,500,219,226,201,398,255,271,743,806
30,500,500,500,500,500,500,500,500,500,500,500,224,233,223,393,256,330,706,787
30,500,500,500,500,500,500,500,500,500,500,500,304,328,333,507,340,507,493,675
30,500,500,500,500,500,500,500,500,500,500,500,350,384,443,523,398,521,408,543
30,500,500,500,500,500,500,500,500,500,500,500,340,373,422,518,379,576,454,563
30,500,500,500,500,500,500,500,500,500,500,500,396,433,464,576,440,590,440,527
30,500,500,500,500,500,500,500,500,500,500,500,358,391,416,550,400,549,450,573
30,500,500,500,500,500,500,500,500,500,500,500,238,255,325,373,261,507,588,676
30,500,500,500,500,500,500,500,500,500,500,500,322,343,290,570,385,283,686,726
30,500,500,500,500,500,500,500,500,500,500,500,286,310,355,460,311,590,467,638
30,500,500,500,500,500,500,500,500,500,500,500,294,321,376,460,310,693,412,596
30,500,500,500,500,500,500,500,500,500,500,500,303,332,402,465,338,563,417,584
30,500,500,500,500,500,500,500,500,500,500,500,194,202,270,289,206,492,596,723
30,500,500,500,500,500,500,500,500,500,500,500,331,358,353,544,381,436,572,650
30,500,500,500,500,500,500,500,500,500,500,500,288,307,286,507,322,464,537,716
30,500,500,500,500,500,500,500,500,500,500,500,321,349,376,513,360,521,528,631
30,500,500,500,500,500,500,500,500,500,500,500,210,221,281,325,225,521,583,710
30,500,500,500,500,500,500,500,500,500,500,500,207,216,266,320,222,492,608,726
30,500,500,500,500,500,500,500,500,500,500,500,240,257,318,378,260,549,580,670
30,500,500,500,500,500,500,500,500,500,500,500,288,311,338,470,323,492,542,671
30,500,500,500,500,500,500,500,500,500,500,500,268,292,374,413,294,576,440,626
30,500,500,500,500,500,500,500,500,500,500,500,233,244,227,418,263,382,671,766
30,500,500,500,500,500,500,500,500,500,500,500,227,239,272,373,248,464,602,718
30,500,500,500,500,500,500,500,500,500,500,500,334,363,382,529,380,478,553,617
30,500,500,500,500,500,500,500,500,500,500,500,263,278,252,476,292,450,618,751
30,500,500,500,500,500,500,500,500,500,500,500,241,258,309,388,256,590,546,683
30,500,500,500,500,500,500,500,500,500,500,500,330,360,385,523,375,492,559,614
30,500,500,500,500,500,500,500,500,500,500,500,280,302,330,460,330,343,637,689
30,500,500,500,500,500,500,500,500,500,500,500,270,289,300,455,300,478,541,707
30,500,500,500,500,500,500,500,500,500,500,500,314,338,329,529,366,369,611,686
30,500,500,500,500,500,500,500,500,500,500,500,306,333,372,486,347,478,545,626
30,500,500,500,500,500,500,500,500,500,500,500,241,256,282,403,265,492,608,707
30,500,500,500,500,500,500,500,500,500,500,500,223,231,214,398,256,306,728,787
30,500,500,500,500,500,500,500,500,500,500,500,255,268,232,470,294,330,676,767
30,500,500,500,500,500,500,500,500,500,500,500,220,234,309,339,238,521,542,679
30,500,500,500,500,500,500,500,500,500,500,500,263,283,334,423,291,521,526,662
30,500,500,500,500,500,500,500,500,500,500,500,371,405,431,560,425,478,511,545
30,500,500,500,500,500,500,500,500,500,500,500,217,226,230,373,241,395,619,771
30,500,500,500,500,500,500,500,500,500,500,500,232,244,249,398,256,436,645,757
30,500,500,500,500,500,500,500,500,500,500,500,216,226,259,353,246,356,612,741
30,500,500,500,500,500,500,500,500,500,500,500,169,174,269,228,179,450,621,725
30,500,500,500,500,500,500,500,500,500,500,500,308,333,333,513,354,423,593,670
30,500,500,500,500,500,500,500,500,500,500,500,253,267,256,444,279,464,627,748
30,500,500,500,500,500,500,500,500,500,500,500,227,241,291,363,247,507,613,708
30,500,500,500,500,500,500,500,500,500,500,500,198,205,259,302,217,409,596,745
30,500,500,500,500,500,500,500,500,500,500,500,369,404,434,555,418,521,492,569
30,500,500,500,500,500,500,500,500,500,500,500,277,298,328,455,298,590,522,665
30,500,500,500,500,500,500,500,500,500,500,500,334,367,431,502,386,464,488,582
30,500,500,500,500,500,500,500,500,500,500,500,298,323,349,486,345,409,624,668
30,500,500,500,500,500,500,500,500,500,500,500,320,344,316,550,375,356,592,696
30,500,500,500,500,500,500,500,500,500,500,500,251,271,341,393,268,604,519,648
30,500,500,500,500,500,500,500,500,500,500,500,316,342,354,513,363,436,587,660
30,500,500,500,500,500,500,500,500,500,500,500,360,393,422,550,408,507,530,582
30,500,500,500,500,500,500,500,500,500,500,500,379,413,427,570,430,507,495,584
30,500,500,500,500,500,500,500,500,500,500,500,346,377,403,534,392,507,565,611
30,500,500,500,500,500,500,500,500,500,500,500,218,229,255,358,239,450,617,739
30,500,500,500,500,500,500,500,500,500,500,500,238,247,199,455,276,294,759,801
30,500,500,500,500,500,500,500,500,500,500,500,166,168,251,221,176,409,618,742
30,500,500,500,500,500,500,500,500,500,500,500,289,313,354,465,332,436,555,662
30,500,500,500,500,500,500,500,500,500,500,500,197,205,262,302,215,436,628,733
30,500,500,500,500,500,500,500,500,500,500,500,191,196,234,293,213,356,659,772
30,500,500,500,500,500,500,500,500,500,500,500,226,238,254,383,251,423,575,743
30,500,500,500,500,500,500,500,500,500,500,500,321,350,384,507,370,450,557,609
30,500,500,500,500,500,500,500,500,500,500,500,276,295,301,470,309,464,593,706
30,500,500,500,500,500,500,500,500,500,500,500,229,237,198,429,268,260,746,799
30,500,500,500,500,500,500,500,500,500,500,500,317,344,362,513,363,450,595,648
30,500,500,500,500,500,500,500,500,500,500,500,278,297,287,481,310,478,615,724
30,500,500,500,500,500,500,500,500,500,500,500,231,247,314,363,245,590,470,661
30,500,500,500,500,500,500,500,500,500,500,500,220,230,246,368,244,409,642,767
30,500,500,500,500,500,500,500,500,500,500,500,301,325,328,502,347,409,609,675
30,500,500,500,500,500,500,500,500,500,500,500,244,256,227,449,277,369,696,773
30,500,500,500,500,500,500,500,500,500,500,500,227,239,273,368,249,464,620,735
30,500,500,500,500,500,500,500,500,500,500,500,230,242,255,388,256,423,665,752
30,500,500,500,500,500,500,500,500,500,500,500,324,351,357,529,375,409,593,660
30,500,500,500,500,500,500,500,500,500,500,500,246,264,326,388,288,356,648,694
30,500,500,500,500,500,500,500,500,500,500,500,247,261,269,423,275,436,620,733
30,500,500,500,500,500,500,500,500,500,500,500,241,257,302,388,288,283,704,721
30,500,500,500,500,500,500,500,500,500,500,500,244,253,193,481,286,260,751,820
30,500,500,500,500,500,500,500,500,500,500,500,221,228,209,393,253,306,749,799
30,500,500,500,500,500,500,500,500,500,500,500,329,361,419,502,388,395,573,589
30,500,500,500,500,500,500,500,500,500,500,500,221,235,312,339,249,423,550,690
30,500,500,500,500,500,500,500,500,500,500,500,255,272,294,429,287,436,577,712
30,500,500,500,500,500,500,500,500,500,500,500,221,230,223,388,250,343,688,783
30,500,500,500,500,500,500,500,500,500,500,500,227,237,239,393,254,382,649,761
30,500,500,500,500,500,500,500,500,500,500,500,228,238,240,393,254,395,660,763
30,500,500,500,500,500,500,500,500,500,500,500,208,215,227,344,235,330,649,781
30,500,500,500,500,500,500,500,500,500,500,500,325,352,355,529,380,382,625,652
30,500,500,500,500,500,500,500,500,500,500,500,276,297,322,455,323,356,680,692
30,500,500,500,500,500,500,500,500,500,500,500,201,208,235,320,220,409,668,773
30,500,500,500,500,500,500,500,500,500,500,500,235,248,260,398,261,436,622,749
30,500,500,500,500,500,500,500,500,500,500,500,332,361,378,529,385,423,550,619
30,500,500,500,500,500,500,500,500,500,500,500,342,373,401,529,395,436,524,582
30,500,500,500,500,500,500,500,500,500,500,500,306,328,305,529,337,535,546,679
30,500,500,500,500,500,500,500,500,500,500,500,341,368,346,565,403,343,664,653
30,500,500,500,500,500,500,500,500,500,500,500,282,300,270,507,310,507,583,714
30,500,500,500,500,500,500,500,500,500,500,500,258,272,237,476,293,369,688,764
30,500,500,500,500,500,500,500,500,500,500,500,342,370,361,555,392,436,557,647
30,500,500,500,500,500,500,500,500,500,500,500,230,242,256,388,256,423,626,753
30,500,500,500,500,500,500,500,500,500,500,500,339,364,328,570,389,409,650,679
30,500,500,500,500,500,500,500,500,500,500,500,208,215,221,348,236,330,700,768
30,500,500,500,500,500,500,500,500,500,500,500,237,251,269,398,262,450,632,725
30,500,500,500,500,500,500,500,500,500,500,500,210,219,243,344,234,382,703,756
30,500,500,500,500,500,500,500,500,500,500,500,325,355,385,513,377,436,551,607
30,500,500,500,500,500,500,500,500,500,500,500,263,280,278,455,296,436,664,715
30,500,500,500,500,500,500,500,500,500,500,500,248,258,202,481,289,283,747,804
30,500,500,500,500,500,500,500,500,500,500,500,225,235,242,383,247,436,670,749
30,500,500,500,500,500,500,500,500,500,500,500,355,383,357,581,408,423,596,646
30,500,500,500,500,500,500,500,500,500,500,500,229,240,249,388,256,409,641,767
30,500,500,500,500,500,500,500,500,500,500,500,255,269,257,449,283,436,662,751
30,500,500,500,500,500,500,500,500,500,500,500,230,244,293,368,248,535,604,705
30,500,500,500,500,500,500,500,500,500,500,500,240,258,322,378,274,409,533,688
30,500,500,500,500,500,500,500,500,500,500,500,312,336,324,529,364,369,601,679
30,500,500,500,500,500,500,500,500,500,500,500,198,209,324,284,220,436,507,665
30,500,500,500,500,500,500,500,500,500,500,500,210,217,212,363,239,318,763,787
30,500,500,500,500,500,500,500,500,500,500,500,195,202,241,302,214,409,703,756
30,500,500,500,500,500,500,500,500,500,500,500,398,424,336,660,454,409,632,664
30,500,500,500,500,500,500,500,500,500,500,500,336,364,363,544,391,409,586,640
30,500,500,500,500,500,500,500,500,500,500,500,227,236,217,408,259,330,690,782
30,500,500,500,500,500,500,500,500,500,500,500,223,231,204,408,259,283,748,814
30,500,500,500,500,500,500,500,500,500,500,500,232,246,283,378,253,492,632,711
30,500,500,500,500,500,500,500,500,500,500,500,228,236,193,434,265,271,735,811
30,500,500,500,500,500,500,500,500,500,500,500,324,350,350,529,374,409,618,652
30,500,500,500,500,500,500,500,500,500,500,500,201,208,246,315,224,369,631,770
30,500,500,500,500,500,500,500,500,500,500,500,203,213,273,311,219,478,577,715
30,500,500,500,500,500,500,500,500,500,500,500,234,247,258,398,259,450,626,753
30,500,500,500,500,500,500,500,500,500,500,500,217,226,241,363,245,369,687,761
30,500,500,500,500,500,500,500,500,500,500,500,212,225,311,320,240,395,597,699
30,500,500,500,500,500,500,500,500,500,500,500,228,235,187,439,267,260,799,822
30,500,500,500,500,500,500,500,500,500,500,500,289,311,328,481,341,343,643,677
30,500,500,500,500,500,500,500,500,500,500,500,232,242,221,418,260,382,676,775
30,500,500,500,500,500,500,500,500,500,500,500,216,222,191,398,251,260,773,813
30,500,500,500,500,500,500,500,500,500,500,500,205,210,190,363,236,271,738,824
30,500,500,500,500,500,500,500,500,500,500,500,207,213,205,358,235,318,710,792
30,500,500,500,500,500,500,500,500,500,500,500,265,285,318,434,310,356,650,683
30,500,500,500,500,500,500,500,500,500,500,500,212,220,230,358,240,343,724,769
30,500,500,500,500,500,500,500,500,500,500,500,172,173,210,247,192,294,723,796
30,500,500,500,500,500,500,500,500,500,500,500,217,228,269,348,246,369,664,743
30,500,500,500,500,500,500,500,500,500,500,500,230,245,309,363,258,450,600,691
30,500,500,500,500,500,500,500,500,500,500,500,215,225,254,348,234,450,599,741
30,500,500,500,500,500,500,500,500,500,500,500,293,312,278,523,351,271,758,739
30,500,500,500,500,500,500,500,500,500,500,500,215,225,253,353,237,436,631,751
30,500,500,500,500,500,500,500,500,500,500,500,231,242,236,403,258,395,701,760
30,500,500,500,500,500,500,500,500,500,500,500,230,242,249,393,252,464,637,747
30,500,500,500,500,500,500,500,500,500,500,500,232,243,241,403,257,423,633,757
30,500,500,500,500,500,500,500,500,500,500,500,240,251,223,439,268,395,701,784
30,500,500,500,500,500,500,500,500,500,500,500,199,206,242,311,222,369,722,756
30,500,500,500,500,500,500,500,500,500,500,500,239,256,321,378,284,306,667,685
30,500,500,500,500,500,500,500,500,500,500,500,303,331,392,470,362,343,591,601
30,500,500,500,500,500,500,500,500,500,500,500,241,252,222,444,277,330,707,782
30,500,500,500,500,500,500,500,500,500,500,500,299,322,333,497,350,369,643,672
30,500,500,500,500,500,500,500,500,500,500,500,215,224,248,353,243,356,689,753
30,500,500,500,500,500,500,500,500,500,500,500,210,219,255,339,240,330,657,748
30,500,500,500,500,500,500,500,500,500,500,500,183,188,253,263,201,382,642,744
30,500,500,500,500,500,500,500,500,500,500,500,198,205,240,311,223,356,684,762
30,500,500,500,500,500,500,500,500,500,500,500,252,262,201,492,288,330,731,804
30,500,500,500,500,500,500,500,500,500,500,500,218,223,165,434,259,210,828,853
30,500,500,500,500,500,500,500,500,500,500,500,161,161,203,221,176,318,772,798
30,500,500,500,500,500,500,500,500,500,500,500,247,258,222,460,279,369,709,785
30,500,500,500,500,500,500,500,500,500,500,500,200,207,236,315,220,395,675,763
30,500,500,500,500,500,500,500,500,500,500,500,213,219,201,378,245,294,755,821
30,500,500,500,500,500,500,500,500,500,500,500,199,203,195,339,229,260,783,817
30,500,500,500,500,500,500,500,500,500,500,500,225,233,208,408,255,330,753,802
30,500,500,500,500,500,500,500,500,500,500,500,236,246,209,439,269,343,731,795
30,500,500,500,500,500,500,500,500,500,500,500,267,287,313,444,314,343,687,697
30,500,500,500,500,500,500,500,500,500,500,500,282,304,324,465,334,330,625,684
30,500,500,500,500,500,500,500,500,500,500,500,192,197,221,302,214,356,713,787
30,500,500,500,500,500,500,500,500,500,500,500,202,208,219,329,223,382,729,769
30,500,500,500,500,500,500,500,500,500,500,500,202,207,207,339,227,318,724,803
30,500,500,500,500,500,500,500,500,500,500,500,218,225,210,383,249,318,733,809
30,500,500,500,500,500,500,500,500,500,500,500,241,252,223,444,275,343,710,787
30,500,500,500,500,500,500,500,500,500,500,500,258,271,223,486,296,343,732,800
30,500,500,500,500,500,500,500,500,500,500,500,198,204,223,320,220,356,715,785
30,500,500,500,500,500,500,500,500,500,500,500,208,214,214,353,234,343,717,796
30,500,500,500,500,500,500,500,500,500,500,500,211,217,203,373,245,271,762,806
30,500,500,500,500,500,500,500,500,500,500,500,316,344,384,497,371,382,547,624
30,500,500,500,500,500,500,500,500,500,500,500,232,243,241,403,259,395,657,767
30,500,500,500,500,500,500,500,500,500,500,500,202,213,297,302,228,382,600,715
30,500,500,500,500,500,500,500,500,500,500,500,197,203,234,311,226,294,707,769
30,500,500,500,500,500,500,500,500,500,500,500,178,181,234,259,193,382,672,776
30,500,500,500,500,500,500,500,500,500,500,500,207,213,200,358,238,283,714,813
30,500,500,500,500,500,500,500,500,500,500,500,195,199,198,325,224,271,722,822
30,500,500,500,500,500,500,500,500,500,500,500,218,226,215,383,244,356,756,774
30,500,500,500,500,500,500,500,500,500,500,500,297,320,333,492,350,343,654,677
30,500,500,500,500,500,500,500,500,500,500,500,214,221,210,373,244,318,712,802
30,500,500,500,500,500,500,500,500,500,500,500,198,205,226,320,220,369,734,782
30,500,500,500,500,500,500,500,500,500,500,500,191,195,212,302,214,318,728,804
30,500,500,500,500,500,500,500,500,500,500,500,220,227,200,398,249,318,768,808
30,500,500,500,500,500,500,500,500,500,500,500,193,198,223,306,213,369,730,775
